any
1 이원석
2 박해민
3 조동찬
4 김헌곤
5 이승엽
6 강한울
7 구자욱
8 이지영
9 러프

0 0
6.038100000000001 10000
5.994499999999999 10000
5.969300000000003 10000
6.061200000000001 10000
5.945799999999998 10000
6.032899999999999 10000
6.000700000000002 10000
5.9363 10000
6.0548 10000
6.028800000000001 10000
5.971999999999998 10000
6.0394999999999985 10000
5.978900000000002 10000
6.005399999999998 10000
5.942099999999999 10000
5.9887000000000015 10000
6.066100000000001 10000
6.007799999999999 10000
6.0337 10000
6.002000000000001 10000
6.0840000000000005 10000
6.031600000000003 10000
6.004499999999996 10000
5.938100000000003 10000
6.028500000000003 10000

6.007412